-0.53819 0 0.72382 8.6099
-0.52741 0.4305 -0.55464 2.0552
-0.50327 0.53326 0.20913 5.6297
-0.46951 0.81474 -0.11366 3.6635
-0.42411 0.99791 -0.36675 1.9562
-0.37167 1.0957 -0.36847 1.4474
-0.31496 1.1681 0.23731 3.9199
-0.25153 1.3641 0.67995 5.4758
-0.17633 1.6379 -0.35491 -0.46742
-0.094858 1.6145 0.25577 1.7877
-0.011728 1.7039 -0.2634 -1.6302
0.071599 1.6224 0.63569 2.056
0.15546 1.7252 0.25733 -0.66144
0.24106 1.6921 -0.068685 -3.0875
0.32197 1.5377 0.28843 -2.0209
0.39647 1.4367 -0.0027914 -4.1184
0.46328 1.2308 0.45567 -2.3718
0.52196 1.1122 -0.092146 -5.5713
0.57069 0.83362 -0.45969 -7.7434
0.60274 0.44645 0.12172 -5.0233
0.61881 0.19528 0.56442 -2.8931
0.62497 0.050627 -0.48026 -8.1166
0.61734 -0.3552 -0.11974 -6.1743
0.59182 -0.66392 0.42534 -3.1858
0.55458 -0.82321 -0.62724 -8.0846
0.50322 -1.2274 0.29068 -2.9818
0.438 -1.3765 0.33999 -2.125
0.36639 -1.4828 0.10576 -2.6134
0.28883 -1.6134 -0.34635 -4.107
0.20285 -1.8188 -0.0035673 -1.5276
0.10982 -1.8952 0.04651 -0.35721
0.014416 -1.913 0.40332 2.3538
-0.078483 -1.7954 0.30584 2.7418
-0.165 -1.6583 -0.17089 1.1664
-0.24662 -1.5999 0.57591 5.6427
-0.3197 -1.3178 -0.025403 3.2577
-0.38164 -1.1549 -0.36166 2.1058
-0.43686 -1.0496 -0.21111 3.3198
-0.48528 -0.88365 0.37771 6.6337
-0.52123 -0.55196 0.096854 5.466
-0.54203 -0.27867 0.38799 7.0305
-0.54719 0.07286 0.034577 5.236
-0.53698 0.33466 0.69875 8.4008
-0.5097 0.7547 -0.5845 1.6821
-0.46979 0.83881 -0.20101 3.2254
-0.42373 1.0001 -0.042051 3.5693
-0.36916 1.1785 0.044553 3.461
-0.30579 1.3516 0.5426 5.3088
-0.23142 1.617 0.10866 2.376
-0.14743 1.7358 -0.057284 0.70966
-0.059576 1.7713 0.034268 0.30121
0.029548 1.7864 0.33945 0.94801
0.12024 1.8338 -0.31594 -3.2048
0.2081 1.6735 0.21664 -1.3519
0.29025 1.6059 -0.56522 -5.9967
0.36319 1.3061 -0.039348 -3.9725
0.42364 1.1075 -0.40544 -6.288
0.47124 0.79308 -0.30163 -6.114
0.50331 0.48738 0.13901 -4.1253
0.52256 0.28112 -0.46072 -7.2299
0.52758 -0.080374 -0.42042 -6.9915
0.5148 -0.42995 -0.55524 -7.476
0.4839 -0.80375 -0.66954 -7.6929
0.43401 -1.1884 -0.075406 -4.2021
0.36921 -1.3985 0.47114 -0.84051
0.2981 -1.4405 -0.090356 -2.9628
0.22222 -1.5887 -0.11569 -2.3299
0.13971 -1.7052 -0.43804 -3.1084
0.050384 -1.8606 0.56884 2.8136
-0.039311 -1.7199 -0.12315 0.20692
-0.12522 -1.7095 0.50515 4.1637
-0.20566 -1.5014 0.17634 3.2431
-0.27681 -1.3392 -0.1297 2.3476
-0.34096 -1.2218 0.44846 5.7887
-0.39492 -0.93239 0.41838 6.0574
-0.43404 -0.62953 -0.05558 3.9736
-0.4606 -0.43085 0.50563 6.9557
-0.47347 -0.083062 0.60493 7.483
-0.46826 0.29109 -0.032778 4.1759
-0.44845 0.49989 -0.12616 3.4883
-0.41904 0.6743 0.19589 4.7889
-0.37926 0.91374 0.1716 4.2501
-0.32816 1.1262 0.35982 4.6636
-0.2659 1.3594 -0.12612 1.6003
-0.19579 1.4394 0.32579 3.1593
-0.11971 1.5974 0.4386 2.9442
-0.035991 1.7446 0.088205 0.34647
0.051852 1.7619 0.076282 -0.57273
0.13941 1.7333 -0.49524 -4.2566
0.22092 1.5205 -0.47387 -4.8735
0.29099 1.2768 -0.54374 -5.8174
0.34766 0.98592 -0.49268 -6.0139
0.38952 0.68522 -0.077169 -4.2521
0.41852 0.47262 -0.57496 -6.9405
0.43351 0.1256 0.67169 -0.78418
0.43881 0.086387 0.3349 -2.4994
0.44001 -0.038582 -0.64862 -7.3792
0.42884 -0.40754 -0.4689 -6.2989
0.40053 -0.72249 -0.05347 -3.9012
0.35945 -0.91755 -0.59306 -6.1659
0.30576 -1.2258 -0.22066 -3.7366
0.23967 -1.4127 0.45103 0.28041
0.16925 -1.3987 -0.081492 -1.6972
0.097047 -1.4835 -0.033589 -0.73625
0.021798 -1.5203 -0.42434 -1.9385
-0.056802 -1.6172 -0.26197 -0.34024
-0.13826 -1.6343 -0.51899 -0.8288
-0.22117 -1.6757 0.17737 3.4377
-0.30082 -1.5038 -0.21726 2.1733
-0.37343 -1.3951 0.35113 5.6382
-0.43626 -1.1132 0.49087 6.8254
-0.48347 -0.77197 0.44702 6.9385
-0.51345 -0.42505 -0.017416 4.8031
-0.52873 -0.18489 -0.23995 3.7705
-0.53327 0.0036316 -0.48745 2.5342
-0.52991 0.13034 0.059084 5.2002
-0.51687 0.39035 0.41112 6.7848
-0.48882 0.72959 -0.16656 3.5886
-0.44778 0.90902 -0.08613 3.5864
-0.39775 1.0883 0.28699 4.9517
-0.33703 1.3359 0.37953 4.7931
-0.2641 1.5756 -0.53397 -0.50115
-0.18579 1.5505 0.099166 1.9066
-0.10572 1.6459 0.097152 1.0959
-0.021885 1.7006 -0.075214 -0.5935
0.062578 1.671 0.38931 0.90457
0.14743 1.7162 -0.17736 -2.7466
0.22997 1.5789 -0.36643 -4.4382
0.30351 1.357 0.1359 -2.568
0.36827 1.2286 0.22062 -2.7055
0.42643 1.0933 -0.10771 -4.8264
0.47515 0.85197 0.35574 -2.8866
0.51421 0.70764 -0.55569 -7.7267
0.53998 0.3213 -0.44636 -7.3134
0.54691 -0.044368 -0.74987 -8.8031
0.53367 -0.48452 0.24744 -3.6264
0.50486 -0.66584 -0.42106 -6.6689
0.46315 -0.99929 -0.12493 -4.7529
0.40714 -1.2369 0.4267 -1.4477
0.34336 -1.3093 0.025492 -2.8419
0.27421 -1.4514 -0.21201 -3.3399
0.19731 -1.6184 -0.37421 -3.37
0.11201 -1.7869 -0.11879 -1.229
0.020941 -1.8483 0.28155 1.6675
-0.069576 -1.765 -0.55532 -1.6395
-0.16006 -1.847 -0.034141 1.8469
-0.25028 -1.7546 0.35078 4.5935
-0.33243 -1.5249 -0.53482 0.88626
-0.40771 -1.4806 0.30813 5.7486
-0.47468 -1.1932 0.31354 6.2925
-0.52656 -0.87856 -0.38573 3.1783
-0.56659 -0.71964 -0.55288 2.6412
-0.59932 -0.58758 0.20875 6.672
-0.6204 -0.25398 0.36008 7.524
-0.62369 0.12222 0.27168 7.0311
-0.60877 0.47377 0.34364 7.1954
-0.57603 0.83355 -0.47639 2.7643
-0.53082 0.97176 0.27371 6.0889
-0.47452 1.2762 -0.27212 2.8115
-0.40707 1.4168 -0.26436 2.2125
-0.33332 1.5274 -0.56339 0.016806
-0.25678 1.5282 0.45367 4.3582
-0.17476 1.7462 0.086984 1.69
-0.085157 1.8307 0.42496 2.4806
0.0096706 1.9547 0.55423 2.1681
0.11032 2.0631 -0.46412 -3.9046
0.20879 1.8679 0.29772 -1.0025
0.30111 1.8177 -0.0063798 -3.3648
0.38796 1.6495 0.39645 -2.1037
0.46796 1.5443 0.45581 -2.4811
0.5422 1.4203 0.36442 -3.5305
0.60892 1.2437 -0.36341 -7.6547
0.66162 0.86099 -0.063036 -6.4876
0.69661 0.53661 0.13022 -5.7233
0.71632 0.25045 0.75606 -2.6943
0.72549 0.11573 0.48813 -4.0706
0.72619 -0.087795 0.68054 -3.0775
0.71794 -0.24167 0.20036 -5.3796
0.6991 -0.51065 0.10495 -5.6606
0.66644 -0.79368 0.28572 -4.4513
0.62112 -1.0162 -0.25016 -6.7138
0.56181 -1.3519 0.49199 -2.4531
0.49102 -1.4746 -0.078416 -4.6566
0.41133 -1.7074 -0.52413 -6.108
0.31814 -2.0128 0.38189 -0.65892
0.21648 -2.0458 -0.56592 -4.4013
0.10847 -2.2658 -0.61533 -3.5448
-0.0094962 -2.4431 0.14181 1.4192
-0.13012 -2.3721 -0.40838 -0.17205
-0.24918 -2.3807 -0.39529 1.02
-0.36717 -2.3297 -0.080542 3.6494
-0.4793 -2.1472 -0.2334 3.8181
-0.58207 -1.9563 -0.11027 5.2296
-0.6735 -1.6949 0.13402 7.0938
-0.7495 -1.3402 -0.47272 4.5478
-0.81091 -1.1128 -0.48751 4.8478
-0.86055 -0.87039 -0.65295 4.2991
-0.89875 -0.65543 -0.18933 6.809
-0.92304 -0.31498 0.30614 9.3698
-0.92708 0.15351 -0.32088 6.1932
-0.91164 0.46317 0.2388 8.8411
-0.87739 0.90523 0.25549 8.6351
-0.82126 1.337 0.42097 9.0076
-0.74303 1.7874 0.42055 8.3543
-0.64307 2.2051 -0.31571 3.8172
-0.52784 2.3959 -0.3771 2.4973
-0.4047 2.5208 0.024183 3.3621
-0.27421 2.6889 -0.30636 0.45051
-0.13893 2.7114 0.54186 3.3623
0.0011317 2.8795 0.52557 1.8741
0.14775 2.9732 0.04748 -1.9422
0.29428 2.8761 -0.20605 -4.5479
0.43266 2.6487 0.24289 -3.4852
0.56097 2.4745 -0.30298 -7.2282
0.67585 2.1131 -0.062309 -6.8338
0.77311 1.7714 -0.25131 -8.395
0.85129 1.3516 0.052673 -7.3134
0.90981 0.98595 0.46164 -5.5682
0.9522 0.70754 0.33609 -6.3933
0.97961 0.38788 0.46589 -5.8492
0.99171 0.095418 -0.3966 -10.174
0.98375 -0.41326 0.08931 -7.6322
0.95351 -0.79487 -0.41866 -9.9347
0.90129 -1.2916 0.18686 -6.5161
0.82846 -1.6174 0.15943 -6.1126
0.73982 -1.923 0.50572 -3.6877
0.6389 -2.1074 0.45339 -3.1186
0.52945 -2.2634 0.30177 -2.9169
0.41242 -2.4092 -0.24042 -4.5366
0.28605 -2.636 -0.22776 -3.2358
0.14993 -2.7978 -0.64639 -3.9677
0.0047807 -2.9962 -0.21552 -0.35853
-0.14578 -3.0141 -0.56245 -0.63047
-0.29758 -3.0457 0.40156 5.5916
-0.44315 -2.7661 0.39237 6.7652
-0.57323 -2.4278 0.068874 6.1492
-0.68712 -2.1204 -0.18391 5.6899
-0.78618 -1.8359 0.071233 7.5955
-0.86859 -1.4561 0.57307 10.557
-0.92827 -0.92826 0.51842 10.553
-0.96153 -0.4006 -0.21558 7.0006
-0.97282 -0.050568 0.08372 8.5038
-0.96471 0.37462 -0.45943 5.6858
-0.93884 0.65891 0.19412 8.7503
-0.8949 1.0964 0.33482 9.1096
-0.82861 1.5519 0.39174 8.8728
-0.73979 1.9955 -0.5584 3.4103
-0.63559 2.1661 0.24022 6.534
-0.51891 2.4928 -0.37963 2.3843
-0.39106 2.612 -0.18306 2.1823
-0.25748 2.7211 0.35282 3.5643
-0.11668 2.8993 0.14646 1.1295
0.029993 2.9558 -0.081424 -1.4473
0.17627 2.8834 0.2831 -1.0173
0.31945 2.8326 0.57869 -0.85786
0.46027 2.7897 -0.2899 -6.405
0.59198 2.4694 -0.51865 -8.5454
0.70495 2.0421 -0.47101 -9.0674
0.79586 1.5888 -0.40624 -9.2867
0.86378 1.1244 -0.30885 -9.1562
0.90862 0.66662 0.27074 -6.4635
0.9339 0.34344 -0.65109 -11.158
0.93713 -0.21444 0.11666 -7.261
0.9173 -0.57749 -0.34934 -9.408
0.87661 -1.0479 0.45349 -5.0711
0.8178 -1.3014 -0.37666 -8.7694
0.74166 -1.7399 0.0037788 -6.2392
0.64671 -2.0519 -0.40408 -7.4654
0.5346 -2.4251 -0.31289 -5.9857
0.40562 -2.7244 -0.1283 -3.8397
0.26433 -2.9164 -0.11319 -2.3879
0.11522 -3.0358 -0.2489 -1.5906
-0.03887 -3.1153 0.46163 3.4664
-0.19061 -2.942 0.25965 3.8694
-0.33316 -2.7485 0.61708 6.9168
-0.46218 -2.4027 -0.13652 4.2122
-0.57725 -2.1921 0.44393 8.0014
-0.67702 -1.792 -0.65291 3.2166
-0.76273 -1.6312 0.29591 8.5224
-0.83374 -1.2051 0.18072 8.3423
-0.88363 -0.78795 -0.18197 6.7758
-0.91459 -0.44916 0.31822 9.4015
-0.92531 0.020912 0.3842 9.7195
-0.9121 0.50689 0.4341 9.8105
-0.87444 0.99742 0.20275 8.3371
-0.81407 1.4143 0.28079 8.2446
-0.73293 1.8265 -0.30995 4.6305
-0.63566 2.058 -0.45223 3.1087
-0.52869 2.2135 -0.13189 3.7679
-0.4131 2.4019 0.092616 3.8086
-0.28801 2.5923 0.40839 4.1646
-0.15292 2.8005 -0.35372 -0.98295
-0.013835 2.7514 -0.23365 -1.7275
0.12185 2.665 0.74252 1.842
0.25768 2.7571 -0.28953 -4.5993
0.39004 2.5271 0.62727 -1.1736
0.51516 2.4684 0.41165 -3.297
0.63466 2.3036 -0.26287 -7.5645
0.74055 1.9254 -0.053154 -7.2131
0.82793 1.5647 -0.10657 -7.9959
0.89626 1.1649 0.22666 -6.6884
0.94621 0.83051 0.52228 -5.4496
0.98096 0.55802 -0.57931 -11.094
0.99501 0.0033267 0.64249 -4.9955
0.98892 -0.24645 0.34911 -6.3896
0.96859 -0.56593 -0.25912 -9.2618
0.92867 -1.029 -0.062801 -7.9745
0.86717 -1.4277 0.14711 -6.4699
0.78759 -1.7512 0.1455 -5.8683
0.69254 -2.0447 0.48136 -3.4209
0.58586 -2.2157 0.45079 -2.6684
0.47154 -2.3491 -0.17482 -4.7596
0.3479 -2.5871 -0.06474 -3.0205
0.21451 -2.7381 0.33282 0.26661
0.077656 -2.7248 0.059988 0.23421
-0.058569 -2.7131 0.46387 3.567
-0.19003 -2.5347 -0.31491 0.90343
-0.31589 -2.4896 0.22586 4.7519
-0.43465 -2.252 0.14178 5.3299
-0.54078 -1.9855 0.52832 8.0865
-0.6301 -1.5812 -0.51756 3.4978
-0.7049 -1.4063 0.0003737 6.6021
-0.76705 -1.0762 0.026732 7.1106
-0.81204 -0.72063 -0.68298 3.8128
-0.84335 -0.52999 0.49365 9.8497
-0.85755 -0.037505 0.72909 11.031
-0.84562 0.51403 -0.11483 6.6503
-0.81156 0.84654 0.14116 7.6366
-0.75961 1.2284 -0.22274 5.3819
-0.69136 1.4975 0.18662 6.8533
-0.60778 1.8401 -0.18456 4.2606
-0.51028 2.0532 -0.050781 4.0482
-0.40237 2.2556 0.57558 6.1504
-0.28167 2.5631 -0.37378 0.2174
-0.15298 2.574 -0.27041 -0.51003
-0.024663 2.5485 -0.037912 -0.5961
0.10227 2.5187 -0.065998 -1.959
0.22601 2.4207 0.53893 -0.098304
0.34716 2.4158 0.64355 -0.68672
0.46731 2.3815 -0.41705 -7.0085
0.57782 2.031 -0.29693 -7.2403
0.67047 1.669 0.24704 -5.1674
0.74758 1.4106 -0.18496 -7.8255
0.80842 1.0194 0.63806 -4.0648
0.85437 0.81613 0.57895 -4.6204
0.88945 0.58511 0.26338 -6.3726
0.91076 0.26648 0.26531 -6.4401
0.91604 -0.055522 -0.16538 -8.5677
0.90254 -0.48391 0.34393 -5.8765
0.87096 -0.77773 0.46138 -5.042
0.82571 -1.0298 0.070496 -6.6451
0.76582 -1.3621 0.62846 -3.3794
0.69338 -1.5311 0.30863 -4.3946
0.6112 -1.7508 -0.054919 -5.5013
0.51662 -2.0258 0.18048 -3.464
0.41081 -2.199 0.45263 -1.1215
0.29924 -2.2551 -0.19295 -3.2826
0.18215 -2.4193 -0.042667 -1.3706
0.059224 -2.4878 0.68652 3.4728
-0.06107 -2.3141 -0.22685 0.051934
-0.17695 -2.3115 0.40691 4.3187
-0.28734 -2.0956 0.3636 5.0834
-0.38596 -1.8414 0.56994 6.9433
-0.46951 -1.4943 0.24941 5.996
-0.53685 -1.1945 -0.69649 1.7838
-0.59444 -1.1053 -0.37561 3.8297
-0.645 -0.9138 0.24329 7.2694
-0.68166 -0.55033 0.12717 6.8969
-0.70059 -0.20548 0.6336 9.4943
-0.69899 0.26923 0.53159 8.8799
-0.67439 0.71323 0.23685 7.1333
-0.62974 1.0699 0.041357 5.7317
-0.56897 1.3565 -0.5619 2.1642
-0.49832 1.4647 0.61836 7.4119
-0.41567 1.8353 0.066767 3.8395
-0.31892 2.0273 -0.5614 -0.23107
-0.21765 2.0157 0.20882 2.6423
-0.11335 2.1478 0.051365 0.81468
-0.0047188 2.1886 -0.26811 -1.8451
0.10262 2.0963 0.23521 -0.35696
0.2072 2.0784 -0.32289 -4.1293
0.30616 1.872 -0.51816 -5.9725
0.39246 1.5734 -0.60032 -7.0903
0.46239 1.2188 -0.17718 -5.5136
0.51654 0.94317 -0.29135 -6.4813
0.55566 0.6191 0.21189 -4.229
0.58137 0.40765 -0.55249 -8.2018
0.59152 -0.0024376 -0.1032 -5.9584
0.58394 -0.30036 -0.55301 -8.0734
0.55878 -0.70403 0.60969 -1.985
0.52103 -0.80328 -0.058323 -4.9703
0.47457 -1.0518 0.48802 -1.7888
0.41965 -1.1412 0.23603 -2.5331
0.35931 -1.2679 0.39458 -1.1619
0.29433 -1.326 -0.46881 -4.8398
0.22184 -1.568 0.49605 0.71419
0.14418 -1.5323 0.54181 1.6826
0.069517 -1.4481 -0.64987 -3.5451
-0.0074789 -1.6254 -0.087685 0.049661
