1.5097 0 0.674 -6.4085
1.5017 -0.32042 -0.023934 -9.8814
1.4733 -0.81449 -0.56258 -12.526
1.4169 -1.4408 0.21364 -8.5297
1.3342 -1.8673 -0.39564 -11.348
1.2266 -2.4347 0.024705 -8.8357
1.0937 -2.8765 0.44727 -6.0718
0.94213 -3.1801 0.15118 -6.6272
0.77462 -3.5114 0.14714 -5.415
0.59198 -3.7822 -0.097832 -5.099
0.39615 -4.0371 -0.072891 -3.1553
0.18994 -4.1949 -0.051423 -1.0396
-0.021531 -4.2469 -0.72822 -2.3407
-0.23724 -4.3639 0.19072 4.302
-0.45047 -4.1488 0.42082 7.2688
-0.64917 -3.7854 -0.50604 4.1214
-0.83356 -3.5793 -0.5565 5.0455
-1.0064 -3.327 0.28889 10.135
-1.1603 -2.8203 -0.55351 6.4824
-1.2933 -2.4962 -0.58703 6.6511
-1.4098 -2.1636 0.35317 11.52
-1.5036 -1.5876 -0.30219 8.2962
-1.5726 -1.1728 0.49284 12.269
-1.6159 -0.55937 -0.50472 7.2646
-1.6348 -0.19614 -0.2862 8.3479
-1.6342 0.22125 0.11943 10.378
-1.6101 0.74015 0.25931 11.084
-1.5593 1.2944 0.22408 10.891
-1.4809 1.8389 0.095017 10.154
-1.3763 2.3466 -0.11368 8.8777
-1.2478 2.7905 -0.27179 7.6443
-1.0986 3.1727 0.22972 9.4306
-0.92798 3.6442 -0.18777 6.2711
-0.73767 3.9578 0.20357 6.7851
-0.53096 4.297 0.45007 6.2002
-0.30794 4.607 -0.67209 -1.529
-0.079043 4.5306 0.60881 2.6504
0.15127 4.6631 -0.29334 -4.0865
0.37976 4.4588 0.51062 -2.0986
0.60048 4.3538 0.56253 -3.591
0.81401 4.1743 -0.54535 -10.515
1.0098 3.6485 0.087906 -8.3075
1.182 3.2332 0.77589 -5.4745
1.3369 2.9594 -0.10631 -10.22
1.4722 2.4484 0.23226 -8.6477
1.5838 2.0161 0.16186 -8.9879
1.6734 1.5667 0.49866 -7.2245
1.7426 1.2054 0.45089 -7.3615
1.7937 0.83737 -0.40694 -11.561
1.8211 0.2593 -0.21115 -10.545
1.8209 -0.26796 0.16763 -8.6764
1.7966 -0.70178 -0.029181 -9.7318
1.7494 -1.1884 0.70368 -6.1616
1.6823 -1.4965 0.21122 -8.6995
1.5966 -1.9314 0.21071 -8.7169
1.4891 -2.3673 -0.37046 -11.515
1.3563 -2.943 -0.50845 -11.882
1.1942 -3.5371 0.35503 -6.9216
1.0086 -3.8832 -0.097854 -8.1597
0.80395 -4.2912 0.30016 -4.7146
0.58315 -4.5269 -0.36829 -6.1981
0.34863 -4.8368 0.39037 -0.20343
0.10605 -4.847 -0.61031 -2.8404
-0.14035 -4.989 0.56555 5.4184
-0.3835 -4.7181 0.37353 6.5921
-0.61158 -4.3885 0.054941 6.7569
-0.82288 -4.0506 -0.47069 5.4819
-1.0188 -3.7765 -0.19266 7.8387
-1.198 -3.3846 0.1255 10.033
-1.3548 -2.8829 0.48321 12.127
-1.4838 -2.2766 -0.43409 7.6406
-1.5881 -1.8946 0.50543 12.323
-1.6674 -1.2784 0.72555 13.362
-1.7146 -0.6103 -0.2362 8.5045
-1.7345 -0.18507 0.22458 10.791
-1.7302 0.35447 -0.30338 8.1712
-1.7023 0.76303 -0.59378 6.7621
-1.6557 1.1011 0.5457 12.499
-1.585 1.7261 0.31776 11.359
-1.4845 2.294 -0.24284 8.4485
-1.3592 2.7165 0.056545 9.6532
-1.2113 3.1991 -0.11368 8.2407
-1.0408 3.6112 -0.54381 5.1936
-0.85357 3.8708 -0.73519 2.9924
-0.656 4.0205 -0.023723 4.9799
-0.44839 4.2694 -0.2218 2.1147
-0.23186 4.3752 -0.27073 -0.20387
-0.012909 4.365 -0.37334 -2.84
0.20223 4.223 -0.61092 -6.0377
0.40623 3.9211 -0.24758 -5.9836
0.59514 3.6219 0.08029 -5.8136
0.76924 3.3312 -0.44251 -9.5899
0.92402 2.8517 0.2165 -7.1442
1.0578 2.4945 -0.13437 -9.4948
1.1708 2.0198 -0.05062 -9.4622
1.26 1.5467 -0.53668 -12.12
1.3222 0.94067 -0.34421 -11.27
1.3552 0.37718 0.19839 -8.5949
1.3633 -0.052562 -0.35351 -11.342
1.3465 -0.61964 0.080389 -9.0995
1.3041 -1.0746 0.63588 -6.1802
1.2426 -1.3836 0.35543 -7.3562
1.1642 -1.7514 0.43524 -6.612
1.0683 -2.082 0.68507 -4.8688
0.95796 -2.3255 0.47457 -5.2594
0.83495 -2.5884 0.19276 -5.8096
0.69807 -2.8789 0.63194 -2.5389
0.5507 -3.0059 -0.39327 -6.3923
0.39213 -3.3255 -0.31312 -4.4886
0.21991 -3.5499 0.64171 1.9574
0.044507 -3.452 0.2182 1.5297
-0.12653 -3.3756 -0.021044 1.9712
-0.29318 -3.277 0.2199 4.7013
-0.45145 -3.0419 -0.13022 4.2929
-0.59844 -2.8273 -0.14351 5.3674
-0.73331 -2.5589 -0.18776 6.0758
-0.85384 -2.2551 -0.26127 6.4338
-0.95868 -1.9334 -0.40607 6.2547
-1.0476 -1.6207 -0.029902 8.5273
-1.1181 -1.1943 -0.26991 7.5837
-1.1684 -0.81516 0.53949 11.778
-1.1944 -0.22627 0.11645 9.7019
-1.1936 0.25882 0.4304 11.217
-1.1666 0.81965 -0.069636 8.5554
-1.1149 1.2474 -0.04072 8.4238
-1.0419 1.6686 0.49623 10.682
-0.94502 2.2027 0.54527 10.285
-0.82187 2.717 0.016467 6.7351
-0.67739 3.0537 0.5894 8.4206
-0.5139 3.4747 0.22764 5.1349
-0.33341 3.7315 0.17936 3.1714
-0.14249 3.8901 0.66499 3.7104
0.057059 4.0756 0.55931 1.2002
0.26275 4.1356 0.39414 -1.5686
0.46796 4.0572 0.19481 -4.3268
0.66575 3.8408 -0.25468 -8.0417
0.84801 3.4387 -0.057451 -8.1709
1.0099 3.0302 0.61171 -5.6217
1.1545 2.7491 -0.64217 -12.426
1.2766 2.1278 -0.29531 -10.998
1.3692 1.5779 -0.093719 -10.145
1.4355 1.0707 0.073805 -9.3767
1.4773 0.60182 -0.60536 -12.795
1.4914 -0.037934 0.25071 -8.5094
1.4789 -0.4634 0.33131 -8.0804
1.4456 -0.86742 -0.4049 -11.699
1.3876 -1.4524 -0.12789 -10.175
1.3022 -1.9611 -0.48472 -11.691
1.1894 -2.5457 0.57681 -5.9173
1.0546 -2.8415 0.18166 -7.1954
0.90341 -3.2013 -0.12386 -7.7421
0.73343 -3.5884 -0.40013 -7.8089
0.54393 -3.9788 0.049232 -3.9034
0.33973 -4.174 0.58792 0.69903
0.13149 -4.1391 0.13554 0.44528
-0.075324 -4.1168 0.17231 2.6281
-0.27829 -3.9854 -0.48125 1.2406
-0.47638 -3.9234 0.082598 5.7497
-0.66569 -3.6359 0.34851 8.4715
-0.83715 -3.2123 -0.52593 5.163
-0.9915 -2.9542 0.46162 10.882
-1.1257 -2.4101 0.69652 12.564
-1.2306 -1.7819 -0.5638 6.5617
-1.3116 -1.4538 -0.64848 6.3207
-1.3764 -1.1378 -0.03626 9.4857
-1.4214 -0.66348 0.34226 11.422
-1.4403 -0.092358 -0.040776 9.5092
-1.433 0.3831 -0.078831 9.2875
-1.4023 0.84748 0.003249 9.6208
-1.3479 1.3285 -0.44334 7.2386
-1.2723 1.6904 -0.58046 6.3038
-1.1799 2.0056 0.56849 11.656
-1.0649 2.5884 0.14381 8.9115
-0.9242 3.034 -0.47786 4.9094
-0.76614 3.2795 0.44666 8.3568
-0.59145 3.6973 -0.50598 2.1066
-0.40361 3.8027 -0.0607 2.6171
-0.20983 3.9335 0.33545 2.7127
-0.0093557 4.0691 -0.37152 -2.7908
0.19102 3.9296 -0.17054 -3.6696
0.38329 3.7461 0.014813 -4.4403
0.56537 3.5241 0.63211 -2.8165
0.73834 3.3833 0.22028 -6.0917
0.90011 3.0787 -0.19347 -9.0916
1.0428 2.6241 -0.11154 -9.3307
1.1625 2.1576 -0.13794 -9.8825
1.2581 1.6635 0.50826 -6.9059
1.3327 1.3182 -0.13989 -10.295
1.3857 0.80343 -0.35415 -11.435
1.4116 0.23169 0.11891 -9.0847
1.4118 -0.22255 -0.047236 -9.8922
1.3883 -0.71716 0.3547 -7.814
1.3427 -1.1079 0.41111 -7.4033
1.278 -1.478 0.4499 -6.994
1.1953 -1.8277 0.29937 -7.4102
1.0946 -2.1982 0.29354 -6.9386
0.97587 -2.5452 0.62465 -4.5831
0.84272 -2.7743 -0.4704 -9.1337
0.69237 -3.231 -0.16953 -6.4112
0.52252 -3.5516 -0.58987 -6.9971
0.33584 -3.9014 0.39814 -0.27688
0.14004 -3.9153 0.010765 -0.31596
-0.056521 -3.9311 -0.147 0.81138
-0.25246 -3.8905 -0.5945 0.41899
-0.44683 -3.8695 0.091089 5.536
-0.63371 -3.5928 -0.12811 5.8569
-0.80629 -3.2999 -0.51975 5.0206
-0.96522 -3.0489 -0.46969 6.1195
-1.1102 -2.7429 -0.34332 7.3479
-1.2382 -2.3755 -0.12357 8.826
-1.346 -1.9342 -0.58137 6.7507
-1.4343 -1.5967 -0.090383 9.3105
-1.5025 -1.1311 0.28674 11.232
-1.5451 -0.56956 -0.18311 8.8866
-1.5624 -0.12523 -0.31926 8.2025
-1.5584 0.2849 0.14926 10.538
-1.531 0.81179 0.45392 12.036
-1.4754 1.4136 -0.21477 8.6188
-1.3939 1.8446 -0.22367 8.4065
-1.2911 2.2649 -0.53816 6.5213
-1.1696 2.5909 -0.41689 6.6238
-1.0317 2.9221 0.28276 9.3716
-0.87367 3.3907 -0.056677 6.6058
-0.69561 3.721 0.34427 7.2023
-0.50023 4.0811 0.30834 5.2709
-0.28919 4.3447 0.1827 2.6132
-0.068246 4.4753 0.34504 1.2461
0.15754 4.5376 0.55681 0.11842
0.38501 4.5435 0.2708 -3.357
0.6084 4.3757 0.20553 -5.4329
0.82072 4.1041 -0.021457 -7.9317
1.0162 3.7075 -0.49216 -11.237
1.1877 3.1456 -0.24036 -10.559
1.3319 2.6176 0.1595 -8.8673
1.4517 2.1743 -0.45687 -12.076
1.5454 1.5705 0.22432 -8.6895
1.613 1.136 0.15798 -8.9964
1.6586 0.6862 0.049908 -9.5048
1.681 0.21096 0.14799 -8.9988
1.6803 -0.23898 0.01191 -9.6869
1.6562 -0.72333 -0.011026 -9.8249
1.6078 -1.2146 -0.0043789 -9.8051
1.5348 -1.7048 0.40144 -7.7374
1.4399 -2.0917 -0.04514 -9.8254
1.323 -2.583 -0.71403 -12.842
1.1777 -3.2251 -0.2322 -9.8173
1.004 -3.7159 0.097222 -7.1876
0.80897 -4.0753 0.4112 -4.2424
0.59957 -4.2874 0.52568 -1.9432
0.38238 -4.3846 -0.40533 -4.5959
0.15696 -4.6144 0.34291 1.3506
-0.072539 -4.5469 0.1176 2.4359
-0.29729 -4.4251 -0.10327 3.3962
-0.5147 -4.2553 0.012368 5.7779
-0.72058 -3.9664 -0.014043 7.1016
-0.91029 -3.6113 0.069897 8.6045
-1.0803 -3.1811 0.11744 9.577
-1.2275 -2.7022 -0.30898 7.895
-1.3528 -2.3075 -0.43752 7.4985
-1.4588 -1.9325 0.41312 11.856
-1.5407 -1.3397 -0.10881 9.2658
-1.5961 -0.87643 0.53344 12.464
-1.6243 -0.25324 -0.39971 7.7863
-1.6272 0.13608 -0.27795 8.3947
-1.6099 0.55581 0.53494 12.463
-1.5666 1.179 0.53188 12.435
-1.4921 1.8007 -0.43271 7.5337
-1.3926 2.1774 0.10236 10.008
-1.2711 2.6778 0.51652 11.676
-1.1225 3.2616 0.51453 10.96
-0.94557 3.8096 -0.5029 4.7852
-0.74885 4.0488 0.57563 8.7068
-0.53517 4.4842 0.3051 5.4714
-0.30369 4.7578 0.11249 2.2985
-0.062446 4.8727 -0.11163 -1.1843
0.1802 4.8135 -0.41319 -4.9901
0.41509 4.564 0.047421 -4.7296
0.63777 4.3275 -0.12667 -7.2932
0.84534 3.9628 0.67932 -4.5589
1.038 3.7349 0.094333 -8.4068
1.2144 3.3145 -0.086172 -9.8771
1.3679 2.8207 -0.0070141 -9.763
1.4967 2.3325 -0.28554 -11.242
1.5993 1.7704 0.64919 -6.5435
1.6796 1.4433 0.29533 -8.2363
1.7415 1.0314 0.037404 -9.4392
1.7812 0.55948 0.46021 -7.2634
1.8001 0.19631 -0.01656 -9.6238
1.7979 -0.28488 -0.048778 -9.8108
1.7714 -0.77542 -0.26237 -10.948
1.719 -1.3228 -0.28666 -11.155
1.6389 -1.8805 0.57297 -6.9087
1.5363 -2.226 0.34571 -7.9983
1.4149 -2.6259 0.043399 -9.2983
1.2719 -3.0908 0.59154 -6.1054
1.1096 -3.3961 0.011816 -8.2504
0.92934 -3.8086 0.14259 -6.4756
0.73054 -4.1324 -0.53463 -8.3411
0.51313 -4.5494 0.22744 -2.6072
0.28197 -4.6798 -0.54068 -4.2416
0.042192 -4.8919 -0.4202 -1.2619
-0.20448 -4.955 0.40789 5.2225
-0.44617 -4.6939 0.17135 6.1063
-0.67362 -4.3885 -0.38238 5.0195
-0.88708 -4.1376 -0.19293 7.2418
-1.0851 -3.7755 0.12653 9.7006
-1.2619 -3.2904 0.10894 10.106
-1.4139 -2.7851 -0.5928 6.8154
-1.5446 -2.4444 -0.48267 7.399
-1.6576 -2.0744 -0.60351 6.7076
-1.7529 -1.739 -0.036207 9.392
-1.8281 -1.2694 -0.59452 6.4383
-1.8835 -0.94752 0.32073 10.875
-1.9172 -0.40375 -0.42553 7.0683
-1.9286 -0.050339 -0.45545 6.9065
-1.9225 0.29499 0.60649 12.268
-1.8924 0.90837 0.66122 12.673
-1.8312 1.542 -0.364 7.7264
-1.7445 1.9283 -0.01852 9.6088
-1.6361 2.4088 0.63369 12.933
-1.4994 3.0555 -0.25547 8.3673
-1.3362 3.4738 0.59388 12.2
-1.1471 4.0838 0.36418 10.216
-0.92991 4.5946 0.027743 7.1847
-0.69086 4.9538 -0.17223 4.3212
-0.43734 5.1699 0.58952 5.8323
-0.17103 5.4615 0.32424 1.8925
0.10497 5.5561 -0.29362 -3.8691
0.37848 5.3627 0.19047 -3.8806
0.64223 5.1686 -0.38431 -8.7616
0.89007 4.7305 0.074136 -7.9306
1.1169 4.334 0.55853 -6.4445
1.3257 4.0118 0.2519 -8.4564
1.5158 3.589 -0.34247 -11.53
1.6808 3.0125 0.16984 -8.8096
1.8204 2.572 -0.31917 -10.949
1.9352 2.0246 0.64186 -5.7838
2.0291 1.7354 -0.60701 -11.663
2.1013 1.1522 -0.30426 -9.8579
2.1465 0.65934 0.3468 -6.4167
2.1714 0.33851 -0.36437 -9.8835
2.176 -0.15567 0.0089435 -8.0512
2.1582 -0.55823 0.30229 -6.7282
2.1219 -0.89464 0.49609 -5.9822
2.0697 -1.1937 -0.40066 -10.748
1.9967 -1.7311 -0.08444 -9.5046
1.8983 -2.2064 -0.22586 -10.549
1.7749 -2.7338 -0.056964 -9.9613
1.6258 -3.2319 0.1798 -8.85
1.4531 -3.6744 -0.28792 -10.961
1.2556 -4.2224 0.35717 -7.085
1.0354 -4.5767 0.20586 -6.6904
0.79793 -4.9112 -0.22615 -7.164
0.54301 -5.2694 0.13587 -3.1591
0.27509 -5.4273 0.41894 0.79071
0.0041673 -5.3878 0.42171 3.4223
-0.26148 -5.2167 0.30768 5.3045
-0.51616 -4.9515 -0.032471 5.7067
-0.757 -4.6661 -0.28852 6.085
-0.98299 -4.3619 0.11092 9.2616
-1.1897 -3.8988 -0.22342 8.3056
-1.3744 -3.4835 -0.16242 8.9471
-1.5374 -3.0362 0.39992 11.812
-1.6744 -2.4455 0.54062 12.395
-1.7812 -1.8258 0.27864 10.898
-1.8588 -1.2809 0.64663 12.56
-1.9071 -0.65284 -0.558 6.4207
-1.9317 -0.3318 0.011343 9.2108
-1.9368 0.12874 0.047554 9.4098
-1.9186 0.59923 0.57489 12.143
-1.8735 1.2064 0.23877 10.627
-1.7999 1.7377 -0.15856 8.8219
-1.702 2.1788 0.26136 11.051
-1.5793 2.7313 0.29749 11.228
-1.4287 3.2927 0.090694 9.9506
-1.2515 3.7903 -0.64302 5.6934
-1.0547 4.0749 0.43092 10.059
-0.83815 4.5779 -0.77739 2.5322
-0.60574 4.7045 0.05461 4.7903
-0.36409 4.944 -0.56248 -0.5338
-0.11707 4.9173 -0.17316 -0.97064
0.12808 4.8688 0.52984 0.18068
0.37223 4.8778 -0.24404 -5.8856
0.60919 4.5835 0.62679 -3.3781
0.83449 4.4146 0.34933 -6.2089
1.0477 4.1042 -0.12172 -9.5641
1.2411 3.626 -0.3929 -11.497
1.4081 3.0511 -0.23644 -10.962
1.547 2.503 0.18211 -8.9009
1.661 2.058 -0.68621 -13.155
1.7475 1.4003 0.28649 -8.1663
1.8072 0.99194 0.13755 -8.7961
1.8458 0.55214 0.36385 -7.5871
1.8639 0.17278 0.64583 -6.148
1.8649 -0.13462 -0.15851 -10.189
1.8454 -0.64407 -0.41778 -11.565
1.7988 -1.2223 0.47572 -7.2207
1.7287 -1.5834 0.38991 -7.7647
1.6398 -1.9716 -0.071167 -10.127
